   0.0000000e+00   0.0000000e+00   0.0000000e+00
   4.9509500e+00   1.0000000e-01   3.0000000e+00
   9.8038000e+00   2.0000000e-01   6.0000000e+00
   1.4558550e+01   3.0000000e-01   9.0000000e+00
   1.9215200e+01   4.0000000e-01   1.2000000e+01
   2.3773750e+01   5.0000000e-01   1.5000000e+01
   2.8234200e+01   6.0000000e-01   1.8000000e+01
   3.2596550e+01   7.0000000e-01   2.1000000e+01
   3.6860800e+01   8.0000000e-01   2.4000000e+01
   4.1026950e+01   9.0000000e-01   2.7000000e+01
   4.5095000e+01   1.0000000e+00   3.0000000e+01
   4.9064950e+01   1.1000000e+00   3.3000000e+01
   5.2936800e+01   1.2000000e+00   3.6000000e+01
   5.6710550e+01   1.3000000e+00   3.9000000e+01
   6.0386200e+01   1.4000000e+00   4.2000000e+01
   6.3963750e+01   1.5000000e+00   4.5000000e+01
   6.7443200e+01   1.6000000e+00   4.8000000e+01
   7.0824550e+01   1.7000000e+00   5.1000000e+01
   7.4107800e+01   1.8000000e+00   5.4000000e+01
   7.7292950e+01   1.9000000e+00   5.7000000e+01
   8.0380000e+01   2.0000000e+00   6.0000000e+01
   8.3368950e+01   2.1000000e+00   6.3000000e+01
   8.6259800e+01   2.2000000e+00   6.6000000e+01
   8.9052550e+01   2.3000000e+00   6.9000000e+01
   9.1747200e+01   2.4000000e+00   7.2000000e+01
   9.4343750e+01   2.5000000e+00   7.5000000e+01
   9.6842200e+01   2.6000000e+00   7.8000000e+01
   9.9242550e+01   2.7000000e+00   8.1000000e+01
   1.0154480e+02   2.8000000e+00   8.4000000e+01
   1.0374895e+02   2.9000000e+00   8.7000000e+01
   1.0585500e+02   3.0000000e+00   9.0000000e+01
   1.0786295e+02   3.1000000e+00   9.3000000e+01
   1.0977280e+02   3.2000000e+00   9.6000000e+01
   1.1158455e+02   3.3000000e+00   9.9000000e+01
   1.1329820e+02   3.4000000e+00   1.0200000e+02
   1.1491375e+02   3.5000000e+00   1.0500000e+02
   1.1643120e+02   3.6000000e+00   1.0800000e+02
   1.1785055e+02   3.7000000e+00   1.1100000e+02
   1.1917180e+02   3.8000000e+00   1.1400000e+02
   1.2039495e+02   3.9000000e+00   1.1700000e+02
   1.2152000e+02   4.0000000e+00   1.2000000e+02
   1.2254695e+02   4.1000000e+00   1.2300000e+02
   1.2347580e+02   4.2000000e+00   1.2600000e+02
   1.2430655e+02   4.3000000e+00   1.2900000e+02
   1.2503920e+02   4.4000000e+00   1.3200000e+02
   1.2567375e+02   4.5000000e+00   1.3500000e+02
   1.2621020e+02   4.6000000e+00   1.3800000e+02
   1.2664855e+02   4.7000000e+00   1.4100000e+02
   1.2698880e+02   4.8000000e+00   1.4400000e+02
   1.2723095e+02   4.9000000e+00   1.4700000e+02
   1.2737500e+02   5.0000000e+00   1.5000000e+02
   1.2742095e+02   5.1000000e+00   1.5300000e+02
   1.2736880e+02   5.2000000e+00   1.5600000e+02
   1.2721855e+02   5.3000000e+00   1.5900000e+02
   1.2697020e+02   5.4000000e+00   1.6200000e+02
   1.2662375e+02   5.5000000e+00   1.6500000e+02
   1.2617920e+02   5.6000000e+00   1.6800000e+02
   1.2563655e+02   5.7000000e+00   1.7100000e+02
   1.2499580e+02   5.8000000e+00   1.7400000e+02
   1.2425695e+02   5.9000000e+00   1.7700000e+02
   1.2342000e+02   6.0000000e+00   1.8000000e+02
   1.2248495e+02   6.1000000e+00   1.8300000e+02
   1.2145180e+02   6.2000000e+00   1.8600000e+02
   1.2032055e+02   6.3000000e+00   1.8900000e+02
   1.1909120e+02   6.4000000e+00   1.9200000e+02
   1.1776375e+02   6.5000000e+00   1.9500000e+02
   1.1633820e+02   6.6000000e+00   1.9800000e+02
   1.1481455e+02   6.7000000e+00   2.0100000e+02
   1.1319280e+02   6.8000000e+00   2.0400000e+02
   1.1147295e+02   6.9000000e+00   2.0700000e+02
   1.0965500e+02   7.0000000e+00   2.1000000e+02
   1.0773895e+02   7.1000000e+00   2.1300000e+02
   1.0572480e+02   7.2000000e+00   2.1600000e+02
   1.0361255e+02   7.3000000e+00   2.1900000e+02
   1.0140220e+02   7.4000000e+00   2.2200000e+02
   9.9093750e+01   7.5000000e+00   2.2500000e+02
   9.6687200e+01   7.6000000e+00   2.2800000e+02
   9.4182550e+01   7.7000000e+00   2.3100000e+02
   9.1579800e+01   7.8000000e+00   2.3400000e+02
   8.8878950e+01   7.9000000e+00   2.3700000e+02
   8.6080000e+01   8.0000000e+00   2.4000000e+02
   8.3182950e+01   8.1000000e+00   2.4300000e+02
   8.0187800e+01   8.2000000e+00   2.4600000e+02
   7.7094550e+01   8.3000000e+00   2.4900000e+02
   7.3903200e+01   8.4000000e+00   2.5200000e+02
   7.0613750e+01   8.5000000e+00   2.5500000e+02
   6.7226200e+01   8.6000000e+00   2.5800000e+02
   6.3740550e+01   8.7000000e+00   2.6100000e+02
   6.0156800e+01   8.8000000e+00   2.6400000e+02
   5.6474950e+01   8.9000000e+00   2.6700000e+02
   5.2695000e+01   9.0000000e+00   2.7000000e+02
   4.8816950e+01   9.1000000e+00   2.7300000e+02
   4.4840800e+01   9.2000000e+00   2.7600000e+02
   4.0766550e+01   9.3000000e+00   2.7900000e+02
   3.6594200e+01   9.4000000e+00   2.8200000e+02
   3.2323750e+01   9.5000000e+00   2.8500000e+02
   2.7955200e+01   9.6000000e+00   2.8800000e+02
   2.3488550e+01   9.7000000e+00   2.9100000e+02
   1.8923800e+01   9.8000000e+00   2.9400000e+02
   1.4260950e+01   9.9000000e+00   2.9700000e+02
   9.5000000e+00   1.0000000e+01   3.0000000e+02