   0.0000000e+00   0.0000000e+00
   1.0000000e-01   5.9510000e+00
   2.0000000e-01   1.1804000e+01
   3.0000000e-01   1.7559000e+01
   4.0000000e-01   2.3216000e+01
   5.0000000e-01   2.8775000e+01
   6.0000000e-01   3.4236000e+01
   7.0000000e-01   3.9599000e+01
   8.0000000e-01   4.4864000e+01
   9.0000000e-01   5.0031000e+01
   1.0000000e+00   5.5100000e+01
   1.1000000e+00   6.0071000e+01
   1.2000000e+00   6.4944000e+01
   1.3000000e+00   6.9719000e+01
   1.4000000e+00   7.4396000e+01
   1.5000000e+00   7.8975000e+01
   1.6000000e+00   8.3456000e+01
   1.7000000e+00   8.7839000e+01
   1.8000000e+00   9.2124000e+01
   1.9000000e+00   9.6311000e+01
   2.0000000e+00   1.0040000e+02
   2.1000000e+00   1.0439100e+02
   2.2000000e+00   1.0828400e+02
   2.3000000e+00   1.1207900e+02
   2.4000000e+00   1.1577600e+02
   2.5000000e+00   1.1937500e+02
   2.6000000e+00   1.2287600e+02
   2.7000000e+00   1.2627900e+02
   2.8000000e+00   1.2958400e+02
   2.9000000e+00   1.3279100e+02
   3.0000000e+00   1.3590000e+02
   3.1000000e+00   1.3891100e+02
   3.2000000e+00   1.4182400e+02
   3.3000000e+00   1.4463900e+02
   3.4000000e+00   1.4735600e+02
   3.5000000e+00   1.4997500e+02
   3.6000000e+00   1.5249600e+02
   3.7000000e+00   1.5491900e+02
   3.8000000e+00   1.5724400e+02
   3.9000000e+00   1.5947100e+02
   4.0000000e+00   1.6160000e+02
   4.1000000e+00   1.6363100e+02
   4.2000000e+00   1.6556400e+02
   4.3000000e+00   1.6739900e+02
   4.4000000e+00   1.6913600e+02
   4.5000000e+00   1.7077500e+02
   4.6000000e+00   1.7231600e+02
   4.7000000e+00   1.7375900e+02
   4.8000000e+00   1.7510400e+02
   4.9000000e+00   1.7635100e+02
   5.0000000e+00   1.7750000e+02
   5.1000000e+00   1.7855100e+02
   5.2000000e+00   1.7950400e+02
   5.3000000e+00   1.8035900e+02
   5.4000000e+00   1.8111600e+02
   5.5000000e+00   1.8177500e+02
   5.6000000e+00   1.8233600e+02
   5.7000000e+00   1.8279900e+02
   5.8000000e+00   1.8316400e+02
   5.9000000e+00   1.8343100e+02
   6.0000000e+00   1.8360000e+02
   6.1000000e+00   1.8367100e+02
   6.2000000e+00   1.8364400e+02
   6.3000000e+00   1.8351900e+02
   6.4000000e+00   1.8329600e+02
   6.5000000e+00   1.8297500e+02
   6.6000000e+00   1.8255600e+02
   6.7000000e+00   1.8203900e+02
   6.8000000e+00   1.8142400e+02
   6.9000000e+00   1.8071100e+02
   7.0000000e+00   1.7990000e+02
   7.1000000e+00   1.7899100e+02
   7.2000000e+00   1.7798400e+02
   7.3000000e+00   1.7687900e+02
   7.4000000e+00   1.7567600e+02
   7.5000000e+00   1.7437500e+02
   7.6000000e+00   1.7297600e+02
   7.7000000e+00   1.7147900e+02
   7.8000000e+00   1.6988400e+02
   7.9000000e+00   1.6819100e+02
   8.0000000e+00   1.6640000e+02
   8.1000000e+00   1.6451100e+02
   8.2000000e+00   1.6252400e+02
   8.3000000e+00   1.6043900e+02
   8.4000000e+00   1.5825600e+02
   8.5000000e+00   1.5597500e+02
   8.6000000e+00   1.5359600e+02
   8.7000000e+00   1.5111900e+02
   8.8000000e+00   1.4854400e+02
   8.9000000e+00   1.4587100e+02
   9.0000000e+00   1.4310000e+02
   9.1000000e+00   1.4023100e+02
   9.2000000e+00   1.3726400e+02
   9.3000000e+00   1.3419900e+02
   9.4000000e+00   1.3103600e+02
   9.5000000e+00   1.2777500e+02
   9.6000000e+00   1.2441600e+02
   9.7000000e+00   1.2095900e+02
   9.8000000e+00   1.1740400e+02
   9.9000000e+00   1.1375100e+02
   1.0000000e+01   1.1000000e+02
   1.0100000e+01   1.0615100e+02
   1.0200000e+01   1.0220400e+02
   1.0300000e+01   9.8159000e+01
   1.0400000e+01   9.4016000e+01
   1.0500000e+01   8.9775000e+01
   1.0600000e+01   8.5436000e+01
   1.0700000e+01   8.0999000e+01
   1.0800000e+01   7.6464000e+01
   1.0900000e+01   7.1831000e+01
   1.1000000e+01   6.7100000e+01
   1.1100000e+01   6.2271000e+01
   1.1200000e+01   5.7344000e+01
   1.1300000e+01   5.2319000e+01
   1.1400000e+01   4.7196000e+01
   1.1500000e+01   4.1975000e+01
   1.1600000e+01   3.6656000e+01
   1.1700000e+01   3.1239000e+01
   1.1800000e+01   2.5724000e+01
   1.1900000e+01   2.0111000e+01
   1.2000000e+01   1.4400000e+01
   1.2100000e+01   8.5910000e+00
   1.2200000e+01   2.6840000e+00
   1.2300000e+01  -3.3210000e+00
