   0.0000000e+00   0.0000000e+00
   1.0000000e-01   3.0500000e+00
   2.0000000e-01   6.2000000e+00
   3.0000000e-01   9.4500000e+00
   4.0000000e-01   1.2800000e+01
   5.0000000e-01   1.6250000e+01
   6.0000000e-01   1.9800000e+01
   7.0000000e-01   2.3450000e+01
   8.0000000e-01   2.7200000e+01
   9.0000000e-01   3.1050000e+01
   1.0000000e+00   3.5000000e+01
   1.1000000e+00   3.9050000e+01
   1.2000000e+00   4.3200000e+01
   1.3000000e+00   4.7450000e+01
   1.4000000e+00   5.1800000e+01
   1.5000000e+00   5.6250000e+01
   1.6000000e+00   6.0800000e+01
   1.7000000e+00   6.5450000e+01
   1.8000000e+00   7.0200000e+01
   1.9000000e+00   7.5050000e+01
   2.0000000e+00   8.0000000e+01
   2.1000000e+00   8.5050000e+01
   2.2000000e+00   9.0200000e+01
   2.3000000e+00   9.5450000e+01
   2.4000000e+00   1.0080000e+02
   2.5000000e+00   1.0625000e+02
   2.6000000e+00   1.1180000e+02
   2.7000000e+00   1.1745000e+02
   2.8000000e+00   1.2320000e+02
   2.9000000e+00   1.2905000e+02
   3.0000000e+00   1.3500000e+02
   3.1000000e+00   1.4105000e+02
   3.2000000e+00   1.4720000e+02
   3.3000000e+00   1.5345000e+02
   3.4000000e+00   1.5980000e+02
   3.5000000e+00   1.6625000e+02
   3.6000000e+00   1.7280000e+02
   3.7000000e+00   1.7945000e+02
   3.8000000e+00   1.8620000e+02
   3.9000000e+00   1.9305000e+02
   4.0000000e+00   2.0000000e+02
   4.1000000e+00   2.0705000e+02
   4.2000000e+00   2.1420000e+02
   4.3000000e+00   2.2145000e+02
   4.4000000e+00   2.2880000e+02
   4.5000000e+00   2.3625000e+02
   4.6000000e+00   2.4380000e+02
   4.7000000e+00   2.5145000e+02
   4.8000000e+00   2.5920000e+02
   4.9000000e+00   2.6705000e+02
   5.0000000e+00   2.7500000e+02
   5.1000000e+00   2.8305000e+02
   5.2000000e+00   2.9120000e+02
   5.3000000e+00   2.9945000e+02
   5.4000000e+00   3.0780000e+02
   5.5000000e+00   3.1625000e+02
   5.6000000e+00   3.2480000e+02
   5.7000000e+00   3.3345000e+02
   5.8000000e+00   3.4220000e+02
   5.9000000e+00   3.5105000e+02
   6.0000000e+00   3.6000000e+02
   6.1000000e+00   3.6905000e+02
   6.2000000e+00   3.7820000e+02
   6.3000000e+00   3.8745000e+02
   6.4000000e+00   3.9680000e+02
   6.5000000e+00   4.0625000e+02
   6.6000000e+00   4.1580000e+02
   6.7000000e+00   4.2545000e+02
   6.8000000e+00   4.3520000e+02
   6.9000000e+00   4.4505000e+02
   7.0000000e+00   4.5500000e+02
   7.1000000e+00   4.6505000e+02
   7.2000000e+00   4.7520000e+02
   7.3000000e+00   4.8545000e+02
   7.4000000e+00   4.9580000e+02
   7.5000000e+00   5.0625000e+02
   7.6000000e+00   5.1680000e+02
   7.7000000e+00   5.2745000e+02
   7.8000000e+00   5.3820000e+02
   7.9000000e+00   5.4905000e+02
   8.0000000e+00   5.6000000e+02
   8.1000000e+00   5.7105000e+02
   8.2000000e+00   5.8220000e+02
   8.3000000e+00   5.9345000e+02
   8.4000000e+00   6.0480000e+02
   8.5000000e+00   6.1625000e+02
   8.6000000e+00   6.2780000e+02
   8.7000000e+00   6.3945000e+02
   8.8000000e+00   6.5120000e+02
   8.9000000e+00   6.6305000e+02
   9.0000000e+00   6.7500000e+02
   9.1000000e+00   6.8705000e+02
   9.2000000e+00   6.9920000e+02
   9.3000000e+00   7.1145000e+02
   9.4000000e+00   7.2380000e+02
   9.5000000e+00   7.3625000e+02
   9.6000000e+00   7.4880000e+02
   9.7000000e+00   7.6145000e+02
   9.8000000e+00   7.7420000e+02
   9.9000000e+00   7.8705000e+02
   1.0000000e+01   8.0000000e+02
   1.0100000e+01   8.1305000e+02
   1.0200000e+01   8.2620000e+02
   1.0300000e+01   8.3945000e+02
   1.0400000e+01   8.5280000e+02
   1.0500000e+01   8.6625000e+02
   1.0600000e+01   8.7980000e+02
   1.0700000e+01   8.9345000e+02
   1.0800000e+01   9.0720000e+02
   1.0900000e+01   9.2105000e+02
   1.1000000e+01   9.3500000e+02
   1.1100000e+01   9.4905000e+02
   1.1200000e+01   9.6320000e+02
   1.1300000e+01   9.7745000e+02
   1.1400000e+01   9.9180000e+02
   1.1500000e+01   1.0062500e+03
   1.1600000e+01   1.0208000e+03
   1.1700000e+01   1.0354500e+03
   1.1800000e+01   1.0502000e+03
   1.1900000e+01   1.0650500e+03
   1.2000000e+01   1.0800000e+03
   1.2100000e+01   1.0950500e+03
   1.2200000e+01   1.1102000e+03
   1.2300000e+01   1.1254500e+03
