   0.0000000e+00   0.0000000e+00
   1.0000000e-01   1.8650000e-01
   2.0000000e-01   3.4600000e-01
   3.0000000e-01   4.7850000e-01
   4.0000000e-01   5.8400000e-01
   5.0000000e-01   6.6250000e-01
   6.0000000e-01   7.1400000e-01
   7.0000000e-01   7.3850000e-01
   8.0000000e-01   7.3600000e-01
   9.0000000e-01   7.0650000e-01
   1.0000000e+00   6.5000000e-01
   1.1000000e+00   5.6650000e-01
   1.2000000e+00   4.5600000e-01
   1.3000000e+00   3.1850000e-01
   1.4000000e+00   1.5400000e-01
   1.5000000e+00  -3.7500000e-02
   1.6000000e+00  -2.5600000e-01
   1.7000000e+00  -5.0150000e-01
   1.8000000e+00  -7.7400000e-01
   1.9000000e+00  -1.0735000e+00
   2.0000000e+00  -1.4000000e+00
   2.1000000e+00  -1.7535000e+00
   2.2000000e+00  -2.1340000e+00
   2.3000000e+00  -2.5415000e+00
   2.4000000e+00  -2.9760000e+00
   2.5000000e+00  -3.4375000e+00
   2.6000000e+00  -3.9260000e+00
   2.7000000e+00  -4.4415000e+00
   2.8000000e+00  -4.9840000e+00
   2.9000000e+00  -5.5535000e+00
   3.0000000e+00  -6.1500000e+00
   3.1000000e+00  -6.7735000e+00
   3.2000000e+00  -7.4240000e+00
   3.3000000e+00  -8.1015000e+00
   3.4000000e+00  -8.8060000e+00
   3.5000000e+00  -9.5375000e+00
   3.6000000e+00  -1.0296000e+01
   3.7000000e+00  -1.1081500e+01
   3.8000000e+00  -1.1894000e+01
   3.9000000e+00  -1.2733500e+01
   4.0000000e+00  -1.3600000e+01
   4.1000000e+00  -1.4493500e+01
   4.2000000e+00  -1.5414000e+01
   4.3000000e+00  -1.6361500e+01
   4.4000000e+00  -1.7336000e+01
   4.5000000e+00  -1.8337500e+01
   4.6000000e+00  -1.9366000e+01
   4.7000000e+00  -2.0421500e+01
   4.8000000e+00  -2.1504000e+01
   4.9000000e+00  -2.2613500e+01
   5.0000000e+00  -2.3750000e+01
   5.1000000e+00  -2.4913500e+01
   5.2000000e+00  -2.6104000e+01
   5.3000000e+00  -2.7321500e+01
   5.4000000e+00  -2.8566000e+01
   5.5000000e+00  -2.9837500e+01
   5.6000000e+00  -3.1136000e+01
   5.7000000e+00  -3.2461500e+01
   5.8000000e+00  -3.3814000e+01
   5.9000000e+00  -3.5193500e+01
   6.0000000e+00  -3.6600000e+01
   6.1000000e+00  -3.8033500e+01
   6.2000000e+00  -3.9494000e+01
   6.3000000e+00  -4.0981500e+01
   6.4000000e+00  -4.2496000e+01
   6.5000000e+00  -4.4037500e+01
   6.6000000e+00  -4.5606000e+01
   6.7000000e+00  -4.7201500e+01
   6.8000000e+00  -4.8824000e+01
   6.9000000e+00  -5.0473500e+01
   7.0000000e+00  -5.2150000e+01
   7.1000000e+00  -5.3853500e+01
   7.2000000e+00  -5.5584000e+01
   7.3000000e+00  -5.7341500e+01
   7.4000000e+00  -5.9126000e+01
   7.5000000e+00  -6.0937500e+01
   7.6000000e+00  -6.2776000e+01
   7.7000000e+00  -6.4641500e+01
   7.8000000e+00  -6.6534000e+01
   7.9000000e+00  -6.8453500e+01
   8.0000000e+00  -7.0400000e+01
   8.1000000e+00  -7.2373500e+01
   8.2000000e+00  -7.4374000e+01
   8.3000000e+00  -7.6401500e+01
   8.4000000e+00  -7.8456000e+01
   8.5000000e+00  -8.0537500e+01
   8.6000000e+00  -8.2646000e+01
   8.7000000e+00  -8.4781500e+01
   8.8000000e+00  -8.6944000e+01
   8.9000000e+00  -8.9133500e+01
   9.0000000e+00  -9.1350000e+01
   9.1000000e+00  -9.3593500e+01
   9.2000000e+00  -9.5864000e+01
   9.3000000e+00  -9.8161500e+01
   9.4000000e+00  -1.0048600e+02
   9.5000000e+00  -1.0283750e+02
   9.6000000e+00  -1.0521600e+02
   9.7000000e+00  -1.0762150e+02
   9.8000000e+00  -1.1005400e+02
   9.9000000e+00  -1.1251350e+02
   1.0000000e+01  -1.1500000e+02
   1.0100000e+01  -1.1751350e+02
   1.0200000e+01  -1.2005400e+02
   1.0300000e+01  -1.2262150e+02
   1.0400000e+01  -1.2521600e+02
   1.0500000e+01  -1.2783750e+02
   1.0600000e+01  -1.3048600e+02
   1.0700000e+01  -1.3316150e+02
   1.0800000e+01  -1.3586400e+02
   1.0900000e+01  -1.3859350e+02
   1.1000000e+01  -1.4135000e+02
   1.1100000e+01  -1.4413350e+02
   1.1200000e+01  -1.4694400e+02
   1.1300000e+01  -1.4978150e+02
   1.1400000e+01  -1.5264600e+02
   1.1500000e+01  -1.5553750e+02
   1.1600000e+01  -1.5845600e+02
   1.1700000e+01  -1.6140150e+02
   1.1800000e+01  -1.6437400e+02
   1.1900000e+01  -1.6737350e+02
   1.2000000e+01  -1.7040000e+02
   1.2100000e+01  -1.7345350e+02
   1.2200000e+01  -1.7653400e+02
   1.2300000e+01  -1.7964150e+02
