  -2.0000000e+00  -2.9202960e+01
  -1.9000000e+00  -2.6768970e+01
  -1.8000000e+00  -2.5576890e+01
  -1.7000000e+00  -2.4080209e+01
  -1.6000000e+00  -2.3022659e+01
  -1.5000000e+00  -2.3693765e+01
  -1.4000000e+00  -2.0546827e+01
  -1.3000000e+00  -2.0848123e+01
  -1.2000000e+00  -1.8191452e+01
  -1.1000000e+00  -1.8452651e+01
  -1.0000000e+00  -1.6909635e+01
  -9.0000000e-01  -1.4803278e+01
  -8.0000000e-01  -1.3354705e+01
  -7.0000000e-01  -1.1645442e+01
  -6.0000000e-01  -1.1392792e+01
  -5.0000000e-01  -9.0086586e+00
  -4.0000000e-01  -8.7999626e+00
  -3.0000000e-01  -8.2833454e+00
  -2.0000000e-01  -6.1373491e+00
  -1.0000000e-01  -4.5026579e+00
   0.0000000e+00  -4.5177708e+00
   1.0000000e-01  -3.6940764e+00
   2.0000000e-01  -1.5816535e+00
   3.0000000e-01  -1.1653735e+00
   4.0000000e-01   8.0087156e-01
   5.0000000e-01   3.8647129e+00
   6.0000000e-01   1.5556738e+00
   7.0000000e-01   4.3400497e+00
   8.0000000e-01   5.2913820e+00
   9.0000000e-01   7.4432994e+00
   1.0000000e+00   7.6629668e+00
   1.1000000e+00   9.8195525e+00
   1.2000000e+00   1.1073416e+01
   1.3000000e+00   1.1710401e+01
   1.4000000e+00   1.1207258e+01
   1.5000000e+00   1.4952946e+01
   1.6000000e+00   1.4713491e+01
   1.7000000e+00   1.5638792e+01
   1.8000000e+00   1.7497231e+01
   1.9000000e+00   1.8573636e+01
   2.0000000e+00   1.9302529e+01
