   0.0000000e+00  -4.2052590e-01
   1.0000000e-01   5.0595376e-01
   2.0000000e-01   1.0335531e+00
   3.0000000e-01   1.1335176e+00
   4.0000000e-01   1.2977438e+00
   5.0000000e-01   1.2241357e+00
   6.0000000e-01   1.8025934e+00
   7.0000000e-01   2.1761570e+00
   8.0000000e-01   2.1709829e+00
   9.0000000e-01   2.2741445e+00
   1.0000000e+00   2.1873303e+00
   1.1000000e+00   2.7702765e+00
   1.2000000e+00   2.7201439e+00
   1.3000000e+00   1.9077057e+00
   1.4000000e+00   2.3493879e+00
   1.5000000e+00   2.3915680e+00
   1.6000000e+00   2.5527486e+00
   1.7000000e+00   2.0737360e+00
   1.8000000e+00   1.9390134e+00
   1.9000000e+00   2.1953434e+00
   2.0000000e+00   2.0077034e+00
   2.1000000e+00   1.8915969e+00
   2.2000000e+00   1.5991136e+00
   2.3000000e+00   7.0041151e-01
   2.4000000e+00   1.0443909e+00
   2.5000000e+00   2.0895888e-01
