  -2.0000000e+00  -2.1516086e+01
  -1.9000000e+00  -1.8699666e+01
  -1.8000000e+00  -1.5402623e+01
  -1.7000000e+00  -1.0105426e+01
  -1.6000000e+00  -9.4662735e+00
  -1.5000000e+00  -7.5077862e+00
  -1.4000000e+00  -5.1718607e+00
  -1.3000000e+00  -3.8288810e+00
  -1.2000000e+00  -1.3671762e+00
  -1.1000000e+00  -1.1255711e+00
  -1.0000000e+00   7.8591134e-01
  -9.0000000e-01   2.1000473e+00
  -8.0000000e-01   2.3913358e+00
  -7.0000000e-01   1.9306144e+00
  -6.0000000e-01   4.2733803e+00
  -5.0000000e-01   4.4332732e+00
  -4.0000000e-01   3.8512400e+00
  -3.0000000e-01   5.4869155e+00
  -2.0000000e-01   5.1055732e+00
  -1.0000000e-01   5.5734815e+00
   0.0000000e+00   5.4206830e+00
   1.0000000e-01   7.5365650e+00
   2.0000000e-01   6.4717461e+00
   3.0000000e-01   7.1630563e+00
   4.0000000e-01   6.6462376e+00
   5.0000000e-01   8.4807372e+00
   6.0000000e-01   7.0745436e+00
   7.0000000e-01   1.0218712e+01
   8.0000000e-01   7.9010418e+00
   9.0000000e-01   1.0679304e+01
   1.0000000e+00   1.1013275e+01
   1.1000000e+00   1.2203243e+01
   1.2000000e+00   1.3436344e+01
   1.3000000e+00   1.5284472e+01
   1.4000000e+00   1.8497512e+01
   1.5000000e+00   1.8668931e+01
   1.6000000e+00   2.1810193e+01
   1.7000000e+00   2.5138475e+01
   1.8000000e+00   2.5739346e+01
   1.9000000e+00   3.0659245e+01
   2.0000000e+00   3.4071292e+01
