   0.0000000e+00   0.0000000e+00
   1.0000000e-01   3.0490000e+00
   2.0000000e-01   6.1960000e+00
   3.0000000e-01   9.4410000e+00
   4.0000000e-01   1.2784000e+01
   5.0000000e-01   1.6225000e+01
   6.0000000e-01   1.9764000e+01
   7.0000000e-01   2.3401000e+01
   8.0000000e-01   2.7136000e+01
   9.0000000e-01   3.0969000e+01
   1.0000000e+00   3.4900000e+01
   1.1000000e+00   3.8929000e+01
   1.2000000e+00   4.3056000e+01
   1.3000000e+00   4.7281000e+01
   1.4000000e+00   5.1604000e+01
   1.5000000e+00   5.6025000e+01
   1.6000000e+00   6.0544000e+01
   1.7000000e+00   6.5161000e+01
   1.8000000e+00   6.9876000e+01
   1.9000000e+00   7.4689000e+01
   2.0000000e+00   7.9600000e+01
   2.1000000e+00   8.4609000e+01
   2.2000000e+00   8.9716000e+01
   2.3000000e+00   9.4921000e+01
   2.4000000e+00   1.0022400e+02
   2.5000000e+00   1.0562500e+02
   2.6000000e+00   1.1112400e+02
   2.7000000e+00   1.1672100e+02
   2.8000000e+00   1.2241600e+02
   2.9000000e+00   1.2820900e+02
   3.0000000e+00   1.3410000e+02
   3.1000000e+00   1.4008900e+02
   3.2000000e+00   1.4617600e+02
   3.3000000e+00   1.5236100e+02
   3.4000000e+00   1.5864400e+02
   3.5000000e+00   1.6502500e+02
   3.6000000e+00   1.7150400e+02
   3.7000000e+00   1.7808100e+02
   3.8000000e+00   1.8475600e+02
   3.9000000e+00   1.9152900e+02
   4.0000000e+00   1.9840000e+02
   4.1000000e+00   2.0536900e+02
   4.2000000e+00   2.1243600e+02
   4.3000000e+00   2.1960100e+02
   4.4000000e+00   2.2686400e+02
   4.5000000e+00   2.3422500e+02
   4.6000000e+00   2.4168400e+02
   4.7000000e+00   2.4924100e+02
   4.8000000e+00   2.5689600e+02
   4.9000000e+00   2.6464900e+02
   5.0000000e+00   2.7250000e+02
   5.1000000e+00   2.8044900e+02
   5.2000000e+00   2.8849600e+02
   5.3000000e+00   2.9664100e+02
   5.4000000e+00   3.0488400e+02
   5.5000000e+00   3.1322500e+02
   5.6000000e+00   3.2166400e+02
   5.7000000e+00   3.3020100e+02
   5.8000000e+00   3.3883600e+02
   5.9000000e+00   3.4756900e+02
   6.0000000e+00   3.5640000e+02
   6.1000000e+00   3.6532900e+02
   6.2000000e+00   3.7435600e+02
   6.3000000e+00   3.8348100e+02
   6.4000000e+00   3.9270400e+02
   6.5000000e+00   4.0202500e+02
   6.6000000e+00   4.1144400e+02
   6.7000000e+00   4.2096100e+02
   6.8000000e+00   4.3057600e+02
   6.9000000e+00   4.4028900e+02
   7.0000000e+00   4.5010000e+02
   7.1000000e+00   4.6000900e+02
   7.2000000e+00   4.7001600e+02
   7.3000000e+00   4.8012100e+02
   7.4000000e+00   4.9032400e+02
   7.5000000e+00   5.0062500e+02
   7.6000000e+00   5.1102400e+02
   7.7000000e+00   5.2152100e+02
   7.8000000e+00   5.3211600e+02
   7.9000000e+00   5.4280900e+02
   8.0000000e+00   5.5360000e+02
   8.1000000e+00   5.6448900e+02
   8.2000000e+00   5.7547600e+02
   8.3000000e+00   5.8656100e+02
   8.4000000e+00   5.9774400e+02
   8.5000000e+00   6.0902500e+02
   8.6000000e+00   6.2040400e+02
   8.7000000e+00   6.3188100e+02
   8.8000000e+00   6.4345600e+02
   8.9000000e+00   6.5512900e+02
   9.0000000e+00   6.6690000e+02
   9.1000000e+00   6.7876900e+02
   9.2000000e+00   6.9073600e+02
   9.3000000e+00   7.0280100e+02
   9.4000000e+00   7.1496400e+02
   9.5000000e+00   7.2722500e+02
   9.6000000e+00   7.3958400e+02
   9.7000000e+00   7.5204100e+02
   9.8000000e+00   7.6459600e+02
   9.9000000e+00   7.7724900e+02
   1.0000000e+01   7.9000000e+02
