   1.0000000e+00   2.2036177e+01
   2.0000000e+00   1.5219501e+01
   3.0000000e+00   8.1493043e+00
   4.0000000e+00   7.8372854e+00
   5.0000000e+00  -1.0863952e+00
   6.0000000e+00  -5.1146820e+00
   7.0000000e+00  -1.3762639e+01
   8.0000000e+00  -1.8571853e+01
   9.0000000e+00  -2.6443707e+01
   1.0000000e+01  -2.6919968e+01
   1.1000000e+01  -3.3711328e+01
   1.2000000e+01  -3.7560265e+01
   1.3000000e+01  -4.4721374e+01
   1.4000000e+01  -5.5124146e+01
   1.5000000e+01  -5.5647619e+01
   1.6000000e+01  -6.8643906e+01
   1.7000000e+01  -7.1835802e+01
   1.8000000e+01  -7.6077439e+01
   1.9000000e+01  -8.7508646e+01
   2.0000000e+01  -8.7485616e+01
