  -2.0000000e+00  -2.3202960e+01
  -1.9000000e+00  -1.8345970e+01
  -1.8000000e+00  -1.5072890e+01
  -1.7000000e+00  -1.1819209e+01
  -1.6000000e+00  -9.3106591e+00
  -1.5000000e+00  -8.8187655e+00
  -1.4000000e+00  -4.7788272e+00
  -1.3000000e+00  -4.4391234e+00
  -1.2000000e+00  -1.3754519e+00
  -1.1000000e+00  -1.4456505e+00
  -1.0000000e+00   9.0364600e-02
  -9.0000000e-01   2.0097218e+00
  -8.0000000e-01   3.1092950e+00
  -7.0000000e-01   4.3255578e+00
  -6.0000000e-01   3.9592079e+00
  -5.0000000e-01   5.6163414e+00
  -4.0000000e-01   5.0080374e+00
  -3.0000000e-01   4.6356546e+00
  -2.0000000e-01   5.8386509e+00
  -1.0000000e-01   6.4943421e+00
   0.0000000e+00   5.4822292e+00
   1.0000000e-01   5.3089236e+00
   2.0000000e-01   6.4423465e+00
   3.0000000e-01   5.9156265e+00
   4.0000000e-01   6.9928716e+00
   5.0000000e-01   9.2397129e+00
   6.0000000e-01   6.2036738e+00
   7.0000000e-01   8.3690497e+00
   8.0000000e-01   8.8273820e+00
   9.0000000e-01   1.0630299e+01
   1.0000000e+00   1.0662967e+01
   1.1000000e+00   1.2812552e+01
   1.2000000e+00   1.4257416e+01
   1.3000000e+00   1.5301401e+01
   1.4000000e+00   1.5439258e+01
   1.5000000e+00   2.0077946e+01
   1.6000000e+00   2.1001491e+01
   1.7000000e+00   2.3377792e+01
   1.8000000e+00   2.6993231e+01
   1.9000000e+00   3.0150636e+01
   2.0000000e+00   3.3302529e+01
